Uv1_a=(181-179)^2+(181-174)^2+(181-182)^2+(165-162)^2+(181-175)^2+(165-165)^2
Uv1_b=(181-179)^2+(181-174)^2+(181-182)^2+(165-162)^2+(165-175)^2+(165-165)^2
Uv1_c=(181-179)^2+(165-174)^2+(181-182)^2+(165-162)^2+(181-175)^2+(165-165)^2

beta=100;

Uv2_a=3*beta;
Uv2_b=beta;
Uv2_c=5*beta;

U_a=Uv1_a+Uv2_a;
U_b=Uv1_b+Uv2_b;
U_c=Uv1_c+Uv2_c;


Uv2_a2=2*beta;
Uv2_b2=4*beta;
Uv2_c2=0*beta;

U_a2=Uv1_a+Uv2_a2;
U_b2=Uv1_b+Uv2_b2;
U_c2=Uv1_c+Uv2_c2;